(kicad_pcb (version 20171130) (host pcbnew "(5.1.6)-1")

  (general
    (thickness 1.6)
    (drawings 10)
    (tracks 42)
    (zones 0)
    (modules 60)
    (nets 238)
  )

  (page A4)
  (layers
    (0 F.Cu signal)
    (1 In1.Cu signal)
    (2 In2.Cu signal)
    (31 B.Cu signal)
    (32 B.Adhes user)
    (33 F.Adhes user)
    (34 B.Paste user)
    (35 F.Paste user)
    (36 B.SilkS user)
    (37 F.SilkS user hide)
    (38 B.Mask user)
    (39 F.Mask user)
    (40 Dwgs.User user)
    (41 Cmts.User user)
    (42 Eco1.User user)
    (43 Eco2.User user)
    (44 Edge.Cuts user)
    (45 Margin user)
    (46 B.CrtYd user)
    (47 F.CrtYd user)
    (48 B.Fab user)
    (49 F.Fab user)
  )

  (setup
    (last_trace_width 0.2)
    (user_trace_width 0.2)
    (user_trace_width 0.5)
    (user_trace_width 0.8)
    (user_trace_width 1.2)
    (trace_clearance 0.2)
    (zone_clearance 0.2)
    (zone_45_only no)
    (trace_min 0.2)
    (via_size 0.45)
    (via_drill 0.2)
    (via_min_size 0.45)
    (via_min_drill 0.2)
    (user_via 0.45 0.2)
    (user_via 0.6 0.3)
    (user_via 1 0.5)
    (uvia_size 0.3)
    (uvia_drill 0.1)
    (uvias_allowed no)
    (uvia_min_size 0.2)
    (uvia_min_drill 0.1)
    (edge_width 0.05)
    (segment_width 0.2)
    (pcb_text_width 0.3)
    (pcb_text_size 1.5 1.5)
    (mod_edge_width 0.12)
    (mod_text_size 1 1)
    (mod_text_width 0.15)
    (pad_size 2.4 1.3)
    (pad_drill 0.8)
    (pad_to_mask_clearance 0.05)
    (aux_axis_origin 0 0)
    (visible_elements 7FFFFFFF)
    (pcbplotparams
      (layerselection 0x010fc_ffffffff)
      (usegerberextensions false)
      (usegerberattributes true)
      (usegerberadvancedattributes true)
      (creategerberjobfile true)
      (excludeedgelayer true)
      (linewidth 0.100000)
      (plotframeref false)
      (viasonmask false)
      (mode 1)
      (useauxorigin false)
      (hpglpennumber 1)
      (hpglpenspeed 20)
      (hpglpendiameter 15.000000)
      (psnegative false)
      (psa4output false)
      (plotreference true)
      (plotvalue true)
      (plotinvisibletext false)
      (padsonsilk false)
      (subtractmaskfromsilk false)
      (outputformat 1)
      (mirror false)
      (drillshape 1)
      (scaleselection 1)
      (outputdirectory ""))
  )

  (net 0 "")
  (net 1 GND)
  (net 2 "Net-(C1-Pad1)")
  (net 3 "Net-(C2-Pad1)")
  (net 4 "Net-(C3-Pad2)")
  (net 5 "Net-(C3-Pad1)")
  (net 6 "Net-(C4-Pad2)")
  (net 7 "Net-(C4-Pad1)")
  (net 8 "Net-(C5-Pad2)")
  (net 9 VCC)
  (net 10 "Net-(C6-Pad1)")
  (net 11 /PS2/KBD_CLK)
  (net 12 /PS2/KBD_DATA)
  (net 13 "Net-(J1-Pad9)")
  (net 14 /serial/CTS)
  (net 15 /serial/RTS)
  (net 16 "Net-(J1-Pad6)")
  (net 17 "Net-(J1-Pad4)")
  (net 18 /serial/TX)
  (net 19 /serial/RX)
  (net 20 "Net-(J1-Pad1)")
  (net 21 "Net-(J2-Pad2)")
  (net 22 "Net-(J2-Pad6)")
  (net 23 "Net-(J3-Pad11)")
  (net 24 "Net-(J3-Pad8)")
  (net 25 "Net-(J3-Pad9)")
  (net 26 "Net-(R2-Pad2)")
  (net 27 ~WR)
  (net 28 "Net-(U1-Pad36)")
  (net 29 RESET)
  (net 30 ~CS_UART)
  (net 31 "Net-(U1-Pad32)")
  (net 32 "Net-(U1-Pad11)")
  (net 33 IRQ4)
  (net 34 "Net-(U1-Pad10)")
  (net 35 A0)
  (net 36 A1)
  (net 37 A2)
  (net 38 ~RD)
  (net 39 "Net-(U3-Pad3)")
  (net 40 "Net-(U3-Pad1)")
  (net 41 "Net-(U4-Pad4)")
  (net 42 PCLK)
  (net 43 "Net-(U4-Pad1)")
  (net 44 D7)
  (net 45 D6)
  (net 46 D5)
  (net 47 "Net-(U5-Pad36)")
  (net 48 D4)
  (net 49 "Net-(U5-Pad35)")
  (net 50 D3)
  (net 51 "Net-(U5-Pad34)")
  (net 52 D2)
  (net 53 "Net-(U5-Pad33)")
  (net 54 D1)
  (net 55 "Net-(U5-Pad32)")
  (net 56 D0)
  (net 57 "Net-(U5-Pad31)")
  (net 58 "Net-(U5-Pad11)")
  (net 59 "Net-(U5-Pad30)")
  (net 60 "Net-(U5-Pad29)")
  (net 61 "Net-(U5-Pad9)")
  (net 62 "Net-(U5-Pad28)")
  (net 63 "Net-(U5-Pad27)")
  (net 64 ~CS_8042)
  (net 65 "Net-(U5-Pad24)")
  (net 66 ~RESET)
  (net 67 "Net-(U5-Pad23)")
  (net 68 "Net-(U5-Pad22)")
  (net 69 "Net-(U5-Pad21)")
  (net 70 ~CS_DRIVE)
  (net 71 A3)
  (net 72 A4)
  (net 73 A5)
  (net 74 A6)
  (net 75 A7)
  (net 76 "Net-(U6-Pad19)")
  (net 77 A8)
  (net 78 "Net-(U6-Pad18)")
  (net 79 A9)
  (net 80 "Net-(U6-Pad17)")
  (net 81 A10)
  (net 82 M_~IO)
  (net 83 "Net-(X1-Pad70)")
  (net 84 "Net-(X1-Pad68)")
  (net 85 "Net-(X1-Pad34)")
  (net 86 "Net-(X1-Pad33)")
  (net 87 "Net-(X1-Pad32)")
  (net 88 "Net-(X1-Pad31)")
  (net 89 "Net-(X1-Pad29)")
  (net 90 "Net-(X1-Pad28)")
  (net 91 "Net-(X1-Pad27)")
  (net 92 "Net-(X1-Pad26)")
  (net 93 "Net-(X1-Pad25)")
  (net 94 "Net-(X1-Pad67)")
  (net 95 "Net-(X1-Pad66)")
  (net 96 IRQ6)
  (net 97 "Net-(X1-Pad60)")
  (net 98 "Net-(X1-Pad58)")
  (net 99 IRQ1)
  (net 100 "Net-(X1-Pad56)")
  (net 101 "Net-(X1-Pad55)")
  (net 102 "Net-(X1-Pad54)")
  (net 103 "Net-(X1-Pad53)")
  (net 104 "Net-(X1-Pad52)")
  (net 105 "Net-(X1-Pad51)")
  (net 106 "Net-(X1-Pad50)")
  (net 107 "Net-(X1-Pad49)")
  (net 108 VCC3)
  (net 109 CARD_DET)
  (net 110 "Net-(U4-Pad12)")
  (net 111 ~CS_BUFFER)
  (net 112 "Net-(U7-Pad100)")
  (net 113 "Net-(U7-Pad99)")
  (net 114 "Net-(U7-Pad98)")
  (net 115 "Net-(U7-Pad97)")
  (net 116 "Net-(U7-Pad96)")
  (net 117 "Net-(U7-Pad95)")
  (net 118 "Net-(U7-Pad92)")
  (net 119 "Net-(U7-Pad91)")
  (net 120 "Net-(U7-Pad78)")
  (net 121 "Net-(U7-Pad77)")
  (net 122 "Net-(U7-Pad76)")
  (net 123 "Net-(U7-Pad75)")
  (net 124 "Net-(U7-Pad74)")
  (net 125 "Net-(U7-Pad73)")
  (net 126 "Net-(U7-Pad72)")
  (net 127 "Net-(U7-Pad71)")
  (net 128 "Net-(U7-Pad70)")
  (net 129 "Net-(U7-Pad69)")
  (net 130 "Net-(U7-Pad62)")
  (net 131 "Net-(U7-Pad61)")
  (net 132 "Net-(U7-Pad58)")
  (net 133 "Net-(U7-Pad57)")
  (net 134 "Net-(U7-Pad56)")
  (net 135 "Net-(U7-Pad55)")
  (net 136 "Net-(U7-Pad54)")
  (net 137 "Net-(U7-Pad52)")
  (net 138 "Net-(U7-Pad41)")
  (net 139 "Net-(U7-Pad40)")
  (net 140 "Net-(U7-Pad39)")
  (net 141 "Net-(U7-Pad38)")
  (net 142 "Net-(U7-Pad26)")
  (net 143 "Net-(U7-Pad21)")
  (net 144 "Net-(U7-Pad20)")
  (net 145 "Net-(U7-Pad19)")
  (net 146 "Net-(U7-Pad18)")
  (net 147 "Net-(U7-Pad17)")
  (net 148 "Net-(U7-Pad16)")
  (net 149 "Net-(U7-Pad15)")
  (net 150 "Net-(U7-Pad14)")
  (net 151 "Net-(U14-Pad3)")
  (net 152 RD0)
  (net 153 RD1)
  (net 154 RD2)
  (net 155 RD3)
  (net 156 RD4)
  (net 157 RD5)
  (net 158 RD6)
  (net 159 RD7)
  (net 160 RA8)
  (net 161 RA0)
  (net 162 RA1)
  (net 163 RA2)
  (net 164 RA3)
  (net 165 RA4)
  (net 166 RA5)
  (net 167 RA6)
  (net 168 RA7)
  (net 169 "/SD drive/SD misc/~ACC_BUFFER")
  (net 170 "Net-(U11-Pad13)")
  (net 171 "Net-(U11-Pad11)")
  (net 172 "Net-(U11-Pad9)")
  (net 173 "Net-(U14-Pad13)")
  (net 174 "Net-(U14-Pad12)")
  (net 175 "Net-(U14-Pad11)")
  (net 176 "Net-(U14-Pad10)")
  (net 177 "Net-(U14-Pad9)")
  (net 178 "Net-(U14-Pad8)")
  (net 179 SD_BUSY)
  (net 180 A19)
  (net 181 A18)
  (net 182 A17)
  (net 183 A16)
  (net 184 A15)
  (net 185 A14)
  (net 186 A13)
  (net 187 A12)
  (net 188 A11)
  (net 189 "/SD drive/CPLD_CLK")
  (net 190 "/SD drive/SD_DO")
  (net 191 "/SD drive/SD_SCLK")
  (net 192 "/SD drive/SD_DI")
  (net 193 "/SD drive/SD_CS")
  (net 194 "Net-(U6-Pad16)")
  (net 195 ~RAM_WE)
  (net 196 ~RAM_OE)
  (net 197 ~WR_BUFFER)
  (net 198 "Net-(U15-Pad14)")
  (net 199 "Net-(U15-Pad15)")
  (net 200 "Net-(U15-Pad16)")
  (net 201 "Net-(U15-Pad17)")
  (net 202 "Net-(U15-Pad18)")
  (net 203 "Net-(U15-Pad19)")
  (net 204 "Net-(U15-Pad20)")
  (net 205 "Net-(U15-Pad21)")
  (net 206 "/SD drive/CPLD_CLK_3")
  (net 207 "/SD drive/A1_3")
  (net 208 "/SD drive/A0_3")
  (net 209 "/SD drive/~WR_BUFFER_3")
  (net 210 "/SD drive/~WR_3")
  (net 211 "/SD drive/~RD_3")
  (net 212 "/SD drive/~CS_DRIVE_3")
  (net 213 "/SD drive/~RESET_3")
  (net 214 "Net-(U14-Pad2)")
  (net 215 "Net-(U14-Pad1)")
  (net 216 "Net-(J4-Pad8)")
  (net 217 "Net-(J4-Pad6)")
  (net 218 "/SD drive/TDI")
  (net 219 "Net-(J4-Pad7)")
  (net 220 "/SD drive/TMS")
  (net 221 "/SD drive/TDO")
  (net 222 "/SD drive/TCK")
  (net 223 "Net-(U1-Pad37)")
  (net 224 "Net-(U1-Pad35)")
  (net 225 "Net-(U1-Pad40)")
  (net 226 "Net-(U1-Pad38)")
  (net 227 "Net-(U1-Pad26)")
  (net 228 "Net-(U1-Pad27)")
  (net 229 "Net-(U1-Pad13)")
  (net 230 ~INT_I2C)
  (net 231 /connector/IRQ7)
  (net 232 "Net-(U16-Pad4)")
  (net 233 "Net-(U16-Pad7)")
  (net 234 "Net-(U16-Pad3)")
  (net 235 "Net-(U16-Pad6)")
  (net 236 "Net-(U16-Pad2)")
  (net 237 "Net-(U16-Pad1)")

  (net_class Default "This is the default net class."
    (clearance 0.2)
    (trace_width 0.2)
    (via_dia 0.45)
    (via_drill 0.2)
    (uvia_dia 0.3)
    (uvia_drill 0.1)
    (add_net /PS2/KBD_CLK)
    (add_net /PS2/KBD_DATA)
    (add_net "/SD drive/A0_3")
    (add_net "/SD drive/A1_3")
    (add_net "/SD drive/CPLD_CLK")
    (add_net "/SD drive/CPLD_CLK_3")
    (add_net "/SD drive/SD misc/~ACC_BUFFER")
    (add_net "/SD drive/SD_CS")
    (add_net "/SD drive/SD_DI")
    (add_net "/SD drive/SD_DO")
    (add_net "/SD drive/SD_SCLK")
    (add_net "/SD drive/TCK")
    (add_net "/SD drive/TDI")
    (add_net "/SD drive/TDO")
    (add_net "/SD drive/TMS")
    (add_net "/SD drive/~CS_DRIVE_3")
    (add_net "/SD drive/~RD_3")
    (add_net "/SD drive/~RESET_3")
    (add_net "/SD drive/~WR_3")
    (add_net "/SD drive/~WR_BUFFER_3")
    (add_net /connector/IRQ7)
    (add_net /serial/CTS)
    (add_net /serial/RTS)
    (add_net /serial/RX)
    (add_net /serial/TX)
    (add_net A0)
    (add_net A1)
    (add_net A10)
    (add_net A11)
    (add_net A12)
    (add_net A13)
    (add_net A14)
    (add_net A15)
    (add_net A16)
    (add_net A17)
    (add_net A18)
    (add_net A19)
    (add_net A2)
    (add_net A3)
    (add_net A4)
    (add_net A5)
    (add_net A6)
    (add_net A7)
    (add_net A8)
    (add_net A9)
    (add_net CARD_DET)
    (add_net D0)
    (add_net D1)
    (add_net D2)
    (add_net D3)
    (add_net D4)
    (add_net D5)
    (add_net D6)
    (add_net D7)
    (add_net GND)
    (add_net IRQ1)
    (add_net IRQ4)
    (add_net IRQ6)
    (add_net M_~IO)
    (add_net "Net-(C1-Pad1)")
    (add_net "Net-(C2-Pad1)")
    (add_net "Net-(C3-Pad1)")
    (add_net "Net-(C3-Pad2)")
    (add_net "Net-(C4-Pad1)")
    (add_net "Net-(C4-Pad2)")
    (add_net "Net-(C5-Pad2)")
    (add_net "Net-(C6-Pad1)")
    (add_net "Net-(J1-Pad1)")
    (add_net "Net-(J1-Pad4)")
    (add_net "Net-(J1-Pad6)")
    (add_net "Net-(J1-Pad9)")
    (add_net "Net-(J2-Pad2)")
    (add_net "Net-(J2-Pad6)")
    (add_net "Net-(J3-Pad11)")
    (add_net "Net-(J3-Pad8)")
    (add_net "Net-(J3-Pad9)")
    (add_net "Net-(J4-Pad6)")
    (add_net "Net-(J4-Pad7)")
    (add_net "Net-(J4-Pad8)")
    (add_net "Net-(R2-Pad2)")
    (add_net "Net-(U1-Pad10)")
    (add_net "Net-(U1-Pad11)")
    (add_net "Net-(U1-Pad13)")
    (add_net "Net-(U1-Pad26)")
    (add_net "Net-(U1-Pad27)")
    (add_net "Net-(U1-Pad32)")
    (add_net "Net-(U1-Pad35)")
    (add_net "Net-(U1-Pad36)")
    (add_net "Net-(U1-Pad37)")
    (add_net "Net-(U1-Pad38)")
    (add_net "Net-(U1-Pad40)")
    (add_net "Net-(U11-Pad11)")
    (add_net "Net-(U11-Pad13)")
    (add_net "Net-(U11-Pad9)")
    (add_net "Net-(U14-Pad1)")
    (add_net "Net-(U14-Pad10)")
    (add_net "Net-(U14-Pad11)")
    (add_net "Net-(U14-Pad12)")
    (add_net "Net-(U14-Pad13)")
    (add_net "Net-(U14-Pad2)")
    (add_net "Net-(U14-Pad3)")
    (add_net "Net-(U14-Pad8)")
    (add_net "Net-(U14-Pad9)")
    (add_net "Net-(U15-Pad14)")
    (add_net "Net-(U15-Pad15)")
    (add_net "Net-(U15-Pad16)")
    (add_net "Net-(U15-Pad17)")
    (add_net "Net-(U15-Pad18)")
    (add_net "Net-(U15-Pad19)")
    (add_net "Net-(U15-Pad20)")
    (add_net "Net-(U15-Pad21)")
    (add_net "Net-(U16-Pad1)")
    (add_net "Net-(U16-Pad2)")
    (add_net "Net-(U16-Pad3)")
    (add_net "Net-(U16-Pad4)")
    (add_net "Net-(U16-Pad6)")
    (add_net "Net-(U16-Pad7)")
    (add_net "Net-(U3-Pad1)")
    (add_net "Net-(U3-Pad3)")
    (add_net "Net-(U4-Pad1)")
    (add_net "Net-(U4-Pad12)")
    (add_net "Net-(U4-Pad4)")
    (add_net "Net-(U5-Pad11)")
    (add_net "Net-(U5-Pad21)")
    (add_net "Net-(U5-Pad22)")
    (add_net "Net-(U5-Pad23)")
    (add_net "Net-(U5-Pad24)")
    (add_net "Net-(U5-Pad27)")
    (add_net "Net-(U5-Pad28)")
    (add_net "Net-(U5-Pad29)")
    (add_net "Net-(U5-Pad30)")
    (add_net "Net-(U5-Pad31)")
    (add_net "Net-(U5-Pad32)")
    (add_net "Net-(U5-Pad33)")
    (add_net "Net-(U5-Pad34)")
    (add_net "Net-(U5-Pad35)")
    (add_net "Net-(U5-Pad36)")
    (add_net "Net-(U5-Pad9)")
    (add_net "Net-(U6-Pad16)")
    (add_net "Net-(U6-Pad17)")
    (add_net "Net-(U6-Pad18)")
    (add_net "Net-(U6-Pad19)")
    (add_net "Net-(U7-Pad100)")
    (add_net "Net-(U7-Pad14)")
    (add_net "Net-(U7-Pad15)")
    (add_net "Net-(U7-Pad16)")
    (add_net "Net-(U7-Pad17)")
    (add_net "Net-(U7-Pad18)")
    (add_net "Net-(U7-Pad19)")
    (add_net "Net-(U7-Pad20)")
    (add_net "Net-(U7-Pad21)")
    (add_net "Net-(U7-Pad26)")
    (add_net "Net-(U7-Pad38)")
    (add_net "Net-(U7-Pad39)")
    (add_net "Net-(U7-Pad40)")
    (add_net "Net-(U7-Pad41)")
    (add_net "Net-(U7-Pad52)")
    (add_net "Net-(U7-Pad54)")
    (add_net "Net-(U7-Pad55)")
    (add_net "Net-(U7-Pad56)")
    (add_net "Net-(U7-Pad57)")
    (add_net "Net-(U7-Pad58)")
    (add_net "Net-(U7-Pad61)")
    (add_net "Net-(U7-Pad62)")
    (add_net "Net-(U7-Pad69)")
    (add_net "Net-(U7-Pad70)")
    (add_net "Net-(U7-Pad71)")
    (add_net "Net-(U7-Pad72)")
    (add_net "Net-(U7-Pad73)")
    (add_net "Net-(U7-Pad74)")
    (add_net "Net-(U7-Pad75)")
    (add_net "Net-(U7-Pad76)")
    (add_net "Net-(U7-Pad77)")
    (add_net "Net-(U7-Pad78)")
    (add_net "Net-(U7-Pad91)")
    (add_net "Net-(U7-Pad92)")
    (add_net "Net-(U7-Pad95)")
    (add_net "Net-(U7-Pad96)")
    (add_net "Net-(U7-Pad97)")
    (add_net "Net-(U7-Pad98)")
    (add_net "Net-(U7-Pad99)")
    (add_net "Net-(X1-Pad25)")
    (add_net "Net-(X1-Pad26)")
    (add_net "Net-(X1-Pad27)")
    (add_net "Net-(X1-Pad28)")
    (add_net "Net-(X1-Pad29)")
    (add_net "Net-(X1-Pad31)")
    (add_net "Net-(X1-Pad32)")
    (add_net "Net-(X1-Pad33)")
    (add_net "Net-(X1-Pad34)")
    (add_net "Net-(X1-Pad49)")
    (add_net "Net-(X1-Pad50)")
    (add_net "Net-(X1-Pad51)")
    (add_net "Net-(X1-Pad52)")
    (add_net "Net-(X1-Pad53)")
    (add_net "Net-(X1-Pad54)")
    (add_net "Net-(X1-Pad55)")
    (add_net "Net-(X1-Pad56)")
    (add_net "Net-(X1-Pad58)")
    (add_net "Net-(X1-Pad60)")
    (add_net "Net-(X1-Pad66)")
    (add_net "Net-(X1-Pad67)")
    (add_net "Net-(X1-Pad68)")
    (add_net "Net-(X1-Pad70)")
    (add_net PCLK)
    (add_net RA0)
    (add_net RA1)
    (add_net RA2)
    (add_net RA3)
    (add_net RA4)
    (add_net RA5)
    (add_net RA6)
    (add_net RA7)
    (add_net RA8)
    (add_net RD0)
    (add_net RD1)
    (add_net RD2)
    (add_net RD3)
    (add_net RD4)
    (add_net RD5)
    (add_net RD6)
    (add_net RD7)
    (add_net RESET)
    (add_net SD_BUSY)
    (add_net VCC)
    (add_net VCC3)
    (add_net ~CS_8042)
    (add_net ~CS_BUFFER)
    (add_net ~CS_DRIVE)
    (add_net ~CS_UART)
    (add_net ~INT_I2C)
    (add_net ~RAM_OE)
    (add_net ~RAM_WE)
    (add_net ~RD)
    (add_net ~RESET)
    (add_net ~WR)
    (add_net ~WR_BUFFER)
  )

  (module Capacitor_SMD:C_1206_3216Metric (layer F.Cu) (tedit 5B301BBE) (tstamp 5FAB8B20)
    (at 156.337 73.775)
    (descr "Capacitor SMD 1206 (3216 Metric), square (rectangular) end terminal, IPC_7351 nominal, (Body size source: http://www.tortai-tech.com/upload/download/2011102023233369053.pdf), generated with kicad-footprint-generator")
    (tags capacitor)
    (path /5F806563/5FAF84EE)
    (attr smd)
    (fp_text reference C27 (at 0 -1.82) (layer F.SilkS)
      (effects (font (size 1 1) (thickness 0.15)))
    )
    (fp_text value 100n (at 0 1.82) (layer F.Fab)
      (effects (font (size 1 1) (thickness 0.15)))
    )
    (fp_text user %R (at 0 0) (layer F.Fab)
      (effects (font (size 0.8 0.8) (thickness 0.12)))
    )
    (fp_line (start -1.6 0.8) (end -1.6 -0.8) (layer F.Fab) (width 0.1))
    (fp_line (start -1.6 -0.8) (end 1.6 -0.8) (layer F.Fab) (width 0.1))
    (fp_line (start 1.6 -0.8) (end 1.6 0.8) (layer F.Fab) (width 0.1))
    (fp_line (start 1.6 0.8) (end -1.6 0.8) (layer F.Fab) (width 0.1))
    (fp_line (start -0.602064 -0.91) (end 0.602064 -0.91) (layer F.SilkS) (width 0.12))
    (fp_line (start -0.602064 0.91) (end 0.602064 0.91) (layer F.SilkS) (width 0.12))
    (fp_line (start -2.28 1.12) (end -2.28 -1.12) (layer F.CrtYd) (width 0.05))
    (fp_line (start -2.28 -1.12) (end 2.28 -1.12) (layer F.CrtYd) (width 0.05))
    (fp_line (start 2.28 -1.12) (end 2.28 1.12) (layer F.CrtYd) (width 0.05))
    (fp_line (start 2.28 1.12) (end -2.28 1.12) (layer F.CrtYd) (width 0.05))
    (pad 2 smd roundrect (at 1.4 0) (size 1.25 1.75) (layers F.Cu F.Paste F.Mask) (roundrect_rratio 0.2)
      (net 1 GND))
    (pad 1 smd roundrect (at -1.4 0) (size 1.25 1.75) (layers F.Cu F.Paste F.Mask) (roundrect_rratio 0.2)
      (net 108 VCC3))
    (model ${KISYS3DMOD}/Capacitor_SMD.3dshapes/C_1206_3216Metric.wrl
      (at (xyz 0 0 0))
      (scale (xyz 1 1 1))
      (rotate (xyz 0 0 0))
    )
  )

  (module Capacitor_SMD:C_1206_3216Metric (layer F.Cu) (tedit 5B301BBE) (tstamp 5FAB8B0F)
    (at 156.337 70.485)
    (descr "Capacitor SMD 1206 (3216 Metric), square (rectangular) end terminal, IPC_7351 nominal, (Body size source: http://www.tortai-tech.com/upload/download/2011102023233369053.pdf), generated with kicad-footprint-generator")
    (tags capacitor)
    (path /5F806563/5FAF831F)
    (attr smd)
    (fp_text reference C26 (at 0 -1.82) (layer F.SilkS)
      (effects (font (size 1 1) (thickness 0.15)))
    )
    (fp_text value 100n (at 0 1.82) (layer F.Fab)
      (effects (font (size 1 1) (thickness 0.15)))
    )
    (fp_text user %R (at 0 0) (layer F.Fab)
      (effects (font (size 0.8 0.8) (thickness 0.12)))
    )
    (fp_line (start -1.6 0.8) (end -1.6 -0.8) (layer F.Fab) (width 0.1))
    (fp_line (start -1.6 -0.8) (end 1.6 -0.8) (layer F.Fab) (width 0.1))
    (fp_line (start 1.6 -0.8) (end 1.6 0.8) (layer F.Fab) (width 0.1))
    (fp_line (start 1.6 0.8) (end -1.6 0.8) (layer F.Fab) (width 0.1))
    (fp_line (start -0.602064 -0.91) (end 0.602064 -0.91) (layer F.SilkS) (width 0.12))
    (fp_line (start -0.602064 0.91) (end 0.602064 0.91) (layer F.SilkS) (width 0.12))
    (fp_line (start -2.28 1.12) (end -2.28 -1.12) (layer F.CrtYd) (width 0.05))
    (fp_line (start -2.28 -1.12) (end 2.28 -1.12) (layer F.CrtYd) (width 0.05))
    (fp_line (start 2.28 -1.12) (end 2.28 1.12) (layer F.CrtYd) (width 0.05))
    (fp_line (start 2.28 1.12) (end -2.28 1.12) (layer F.CrtYd) (width 0.05))
    (pad 2 smd roundrect (at 1.4 0) (size 1.25 1.75) (layers F.Cu F.Paste F.Mask) (roundrect_rratio 0.2)
      (net 1 GND))
    (pad 1 smd roundrect (at -1.4 0) (size 1.25 1.75) (layers F.Cu F.Paste F.Mask) (roundrect_rratio 0.2)
      (net 108 VCC3))
    (model ${KISYS3DMOD}/Capacitor_SMD.3dshapes/C_1206_3216Metric.wrl
      (at (xyz 0 0 0))
      (scale (xyz 1 1 1))
      (rotate (xyz 0 0 0))
    )
  )

  (module Capacitor_SMD:C_1206_3216Metric (layer F.Cu) (tedit 5B301BBE) (tstamp 5FA7B6E7)
    (at 115.316 105.116 90)
    (descr "Capacitor SMD 1206 (3216 Metric), square (rectangular) end terminal, IPC_7351 nominal, (Body size source: http://www.tortai-tech.com/upload/download/2011102023233369053.pdf), generated with kicad-footprint-generator")
    (tags capacitor)
    (path /5F806563/5FD24CBA)
    (attr smd)
    (fp_text reference C25 (at 0 -1.82 90) (layer F.SilkS)
      (effects (font (size 1 1) (thickness 0.15)))
    )
    (fp_text value 100n (at 0 1.82 90) (layer F.Fab)
      (effects (font (size 1 1) (thickness 0.15)))
    )
    (fp_text user %R (at 0 0 90) (layer F.Fab)
      (effects (font (size 0.8 0.8) (thickness 0.12)))
    )
    (fp_line (start -1.6 0.8) (end -1.6 -0.8) (layer F.Fab) (width 0.1))
    (fp_line (start -1.6 -0.8) (end 1.6 -0.8) (layer F.Fab) (width 0.1))
    (fp_line (start 1.6 -0.8) (end 1.6 0.8) (layer F.Fab) (width 0.1))
    (fp_line (start 1.6 0.8) (end -1.6 0.8) (layer F.Fab) (width 0.1))
    (fp_line (start -0.602064 -0.91) (end 0.602064 -0.91) (layer F.SilkS) (width 0.12))
    (fp_line (start -0.602064 0.91) (end 0.602064 0.91) (layer F.SilkS) (width 0.12))
    (fp_line (start -2.28 1.12) (end -2.28 -1.12) (layer F.CrtYd) (width 0.05))
    (fp_line (start -2.28 -1.12) (end 2.28 -1.12) (layer F.CrtYd) (width 0.05))
    (fp_line (start 2.28 -1.12) (end 2.28 1.12) (layer F.CrtYd) (width 0.05))
    (fp_line (start 2.28 1.12) (end -2.28 1.12) (layer F.CrtYd) (width 0.05))
    (pad 2 smd roundrect (at 1.4 0 90) (size 1.25 1.75) (layers F.Cu F.Paste F.Mask) (roundrect_rratio 0.2)
      (net 1 GND))
    (pad 1 smd roundrect (at -1.4 0 90) (size 1.25 1.75) (layers F.Cu F.Paste F.Mask) (roundrect_rratio 0.2)
      (net 108 VCC3))
    (model ${KISYS3DMOD}/Capacitor_SMD.3dshapes/C_1206_3216Metric.wrl
      (at (xyz 0 0 0))
      (scale (xyz 1 1 1))
      (rotate (xyz 0 0 0))
    )
  )

  (module Capacitor_SMD:C_1206_3216Metric (layer B.Cu) (tedit 5B301BBE) (tstamp 5FAB98F7)
    (at 141.986 135.89 270)
    (descr "Capacitor SMD 1206 (3216 Metric), square (rectangular) end terminal, IPC_7351 nominal, (Body size source: http://www.tortai-tech.com/upload/download/2011102023233369053.pdf), generated with kicad-footprint-generator")
    (tags capacitor)
    (path /5F806563/5FD2487F)
    (attr smd)
    (fp_text reference C24 (at 0 1.82 270) (layer B.SilkS)
      (effects (font (size 1 1) (thickness 0.15)) (justify mirror))
    )
    (fp_text value 100n (at 0 -1.82 270) (layer B.Fab)
      (effects (font (size 1 1) (thickness 0.15)) (justify mirror))
    )
    (fp_text user %R (at 0 0 270) (layer B.Fab)
      (effects (font (size 0.8 0.8) (thickness 0.12)) (justify mirror))
    )
    (fp_line (start -1.6 -0.8) (end -1.6 0.8) (layer B.Fab) (width 0.1))
    (fp_line (start -1.6 0.8) (end 1.6 0.8) (layer B.Fab) (width 0.1))
    (fp_line (start 1.6 0.8) (end 1.6 -0.8) (layer B.Fab) (width 0.1))
    (fp_line (start 1.6 -0.8) (end -1.6 -0.8) (layer B.Fab) (width 0.1))
    (fp_line (start -0.602064 0.91) (end 0.602064 0.91) (layer B.SilkS) (width 0.12))
    (fp_line (start -0.602064 -0.91) (end 0.602064 -0.91) (layer B.SilkS) (width 0.12))
    (fp_line (start -2.28 -1.12) (end -2.28 1.12) (layer B.CrtYd) (width 0.05))
    (fp_line (start -2.28 1.12) (end 2.28 1.12) (layer B.CrtYd) (width 0.05))
    (fp_line (start 2.28 1.12) (end 2.28 -1.12) (layer B.CrtYd) (width 0.05))
    (fp_line (start 2.28 -1.12) (end -2.28 -1.12) (layer B.CrtYd) (width 0.05))
    (pad 2 smd roundrect (at 1.4 0 270) (size 1.25 1.75) (layers B.Cu B.Paste B.Mask) (roundrect_rratio 0.2)
      (net 1 GND))
    (pad 1 smd roundrect (at -1.4 0 270) (size 1.25 1.75) (layers B.Cu B.Paste B.Mask) (roundrect_rratio 0.2)
      (net 108 VCC3))
    (model ${KISYS3DMOD}/Capacitor_SMD.3dshapes/C_1206_3216Metric.wrl
      (at (xyz 0 0 0))
      (scale (xyz 1 1 1))
      (rotate (xyz 0 0 0))
    )
  )

  (module Capacitor_SMD:C_1206_3216Metric (layer B.Cu) (tedit 5B301BBE) (tstamp 5FA1DD00)
    (at 146.812 131.318)
    (descr "Capacitor SMD 1206 (3216 Metric), square (rectangular) end terminal, IPC_7351 nominal, (Body size source: http://www.tortai-tech.com/upload/download/2011102023233369053.pdf), generated with kicad-footprint-generator")
    (tags capacitor)
    (path /5F806563/5FA25981)
    (attr smd)
    (fp_text reference C23 (at 0 1.82) (layer B.SilkS)
      (effects (font (size 1 1) (thickness 0.15)) (justify mirror))
    )
    (fp_text value 100n (at 0 -1.82) (layer B.Fab)
      (effects (font (size 1 1) (thickness 0.15)) (justify mirror))
    )
    (fp_text user %R (at 0 0) (layer B.Fab)
      (effects (font (size 0.8 0.8) (thickness 0.12)) (justify mirror))
    )
    (fp_line (start -1.6 -0.8) (end -1.6 0.8) (layer B.Fab) (width 0.1))
    (fp_line (start -1.6 0.8) (end 1.6 0.8) (layer B.Fab) (width 0.1))
    (fp_line (start 1.6 0.8) (end 1.6 -0.8) (layer B.Fab) (width 0.1))
    (fp_line (start 1.6 -0.8) (end -1.6 -0.8) (layer B.Fab) (width 0.1))
    (fp_line (start -0.602064 0.91) (end 0.602064 0.91) (layer B.SilkS) (width 0.12))
    (fp_line (start -0.602064 -0.91) (end 0.602064 -0.91) (layer B.SilkS) (width 0.12))
    (fp_line (start -2.28 -1.12) (end -2.28 1.12) (layer B.CrtYd) (width 0.05))
    (fp_line (start -2.28 1.12) (end 2.28 1.12) (layer B.CrtYd) (width 0.05))
    (fp_line (start 2.28 1.12) (end 2.28 -1.12) (layer B.CrtYd) (width 0.05))
    (fp_line (start 2.28 -1.12) (end -2.28 -1.12) (layer B.CrtYd) (width 0.05))
    (pad 2 smd roundrect (at 1.4 0) (size 1.25 1.75) (layers B.Cu B.Paste B.Mask) (roundrect_rratio 0.2)
      (net 1 GND))
    (pad 1 smd roundrect (at -1.4 0) (size 1.25 1.75) (layers B.Cu B.Paste B.Mask) (roundrect_rratio 0.2)
      (net 108 VCC3))
    (model ${KISYS3DMOD}/Capacitor_SMD.3dshapes/C_1206_3216Metric.wrl
      (at (xyz 0 0 0))
      (scale (xyz 1 1 1))
      (rotate (xyz 0 0 0))
    )
  )

  (module Capacitor_SMD:C_1206_3216Metric (layer B.Cu) (tedit 5B301BBE) (tstamp 5FA7109D)
    (at 146.812 140.716 180)
    (descr "Capacitor SMD 1206 (3216 Metric), square (rectangular) end terminal, IPC_7351 nominal, (Body size source: http://www.tortai-tech.com/upload/download/2011102023233369053.pdf), generated with kicad-footprint-generator")
    (tags capacitor)
    (path /5F806563/5FA25769)
    (attr smd)
    (fp_text reference C22 (at 0 1.82) (layer B.SilkS)
      (effects (font (size 1 1) (thickness 0.15)) (justify mirror))
    )
    (fp_text value 100n (at 0 -1.82) (layer B.Fab)
      (effects (font (size 1 1) (thickness 0.15)) (justify mirror))
    )
    (fp_text user %R (at 0 0) (layer B.Fab)
      (effects (font (size 0.8 0.8) (thickness 0.12)) (justify mirror))
    )
    (fp_line (start -1.6 -0.8) (end -1.6 0.8) (layer B.Fab) (width 0.1))
    (fp_line (start -1.6 0.8) (end 1.6 0.8) (layer B.Fab) (width 0.1))
    (fp_line (start 1.6 0.8) (end 1.6 -0.8) (layer B.Fab) (width 0.1))
    (fp_line (start 1.6 -0.8) (end -1.6 -0.8) (layer B.Fab) (width 0.1))
    (fp_line (start -0.602064 0.91) (end 0.602064 0.91) (layer B.SilkS) (width 0.12))
    (fp_line (start -0.602064 -0.91) (end 0.602064 -0.91) (layer B.SilkS) (width 0.12))
    (fp_line (start -2.28 -1.12) (end -2.28 1.12) (layer B.CrtYd) (width 0.05))
    (fp_line (start -2.28 1.12) (end 2.28 1.12) (layer B.CrtYd) (width 0.05))
    (fp_line (start 2.28 1.12) (end 2.28 -1.12) (layer B.CrtYd) (width 0.05))
    (fp_line (start 2.28 -1.12) (end -2.28 -1.12) (layer B.CrtYd) (width 0.05))
    (pad 2 smd roundrect (at 1.4 0 180) (size 1.25 1.75) (layers B.Cu B.Paste B.Mask) (roundrect_rratio 0.2)
      (net 1 GND))
    (pad 1 smd roundrect (at -1.4 0 180) (size 1.25 1.75) (layers B.Cu B.Paste B.Mask) (roundrect_rratio 0.2)
      (net 108 VCC3))
    (model ${KISYS3DMOD}/Capacitor_SMD.3dshapes/C_1206_3216Metric.wrl
      (at (xyz 0 0 0))
      (scale (xyz 1 1 1))
      (rotate (xyz 0 0 0))
    )
  )

  (module Capacitor_SMD:C_1206_3216Metric (layer B.Cu) (tedit 5B301BBE) (tstamp 5FA71318)
    (at 150.622 136.144 270)
    (descr "Capacitor SMD 1206 (3216 Metric), square (rectangular) end terminal, IPC_7351 nominal, (Body size source: http://www.tortai-tech.com/upload/download/2011102023233369053.pdf), generated with kicad-footprint-generator")
    (tags capacitor)
    (path /5F806563/5FA254CC)
    (attr smd)
    (fp_text reference C21 (at 0 1.82 270) (layer B.SilkS)
      (effects (font (size 1 1) (thickness 0.15)) (justify mirror))
    )
    (fp_text value 100n (at 0 -1.82 270) (layer B.Fab)
      (effects (font (size 1 1) (thickness 0.15)) (justify mirror))
    )
    (fp_text user %R (at 0 0 270) (layer B.Fab)
      (effects (font (size 0.8 0.8) (thickness 0.12)) (justify mirror))
    )
    (fp_line (start -1.6 -0.8) (end -1.6 0.8) (layer B.Fab) (width 0.1))
    (fp_line (start -1.6 0.8) (end 1.6 0.8) (layer B.Fab) (width 0.1))
    (fp_line (start 1.6 0.8) (end 1.6 -0.8) (layer B.Fab) (width 0.1))
    (fp_line (start 1.6 -0.8) (end -1.6 -0.8) (layer B.Fab) (width 0.1))
    (fp_line (start -0.602064 0.91) (end 0.602064 0.91) (layer B.SilkS) (width 0.12))
    (fp_line (start -0.602064 -0.91) (end 0.602064 -0.91) (layer B.SilkS) (width 0.12))
    (fp_line (start -2.28 -1.12) (end -2.28 1.12) (layer B.CrtYd) (width 0.05))
    (fp_line (start -2.28 1.12) (end 2.28 1.12) (layer B.CrtYd) (width 0.05))
    (fp_line (start 2.28 1.12) (end 2.28 -1.12) (layer B.CrtYd) (width 0.05))
    (fp_line (start 2.28 -1.12) (end -2.28 -1.12) (layer B.CrtYd) (width 0.05))
    (pad 2 smd roundrect (at 1.4 0 270) (size 1.25 1.75) (layers B.Cu B.Paste B.Mask) (roundrect_rratio 0.2)
      (net 1 GND))
    (pad 1 smd roundrect (at -1.4 0 270) (size 1.25 1.75) (layers B.Cu B.Paste B.Mask) (roundrect_rratio 0.2)
      (net 108 VCC3))
    (model ${KISYS3DMOD}/Capacitor_SMD.3dshapes/C_1206_3216Metric.wrl
      (at (xyz 0 0 0))
      (scale (xyz 1 1 1))
      (rotate (xyz 0 0 0))
    )
  )

  (module Capacitor_SMD:C_1206_3216Metric (layer F.Cu) (tedit 5B301BBE) (tstamp 5FA70BC7)
    (at 111.252 57.912 270)
    (descr "Capacitor SMD 1206 (3216 Metric), square (rectangular) end terminal, IPC_7351 nominal, (Body size source: http://www.tortai-tech.com/upload/download/2011102023233369053.pdf), generated with kicad-footprint-generator")
    (tags capacitor)
    (path /5F8C5C81/5F8EC562)
    (attr smd)
    (fp_text reference C11 (at 0 -1.82 90) (layer F.SilkS)
      (effects (font (size 1 1) (thickness 0.15)))
    )
    (fp_text value 100n (at 0 1.82 90) (layer F.Fab)
      (effects (font (size 1 1) (thickness 0.15)))
    )
    (fp_text user %R (at 0 0 90) (layer F.Fab)
      (effects (font (size 0.8 0.8) (thickness 0.12)))
    )
    (fp_line (start -1.6 0.8) (end -1.6 -0.8) (layer F.Fab) (width 0.1))
    (fp_line (start -1.6 -0.8) (end 1.6 -0.8) (layer F.Fab) (width 0.1))
    (fp_line (start 1.6 -0.8) (end 1.6 0.8) (layer F.Fab) (width 0.1))
    (fp_line (start 1.6 0.8) (end -1.6 0.8) (layer F.Fab) (width 0.1))
    (fp_line (start -0.602064 -0.91) (end 0.602064 -0.91) (layer F.SilkS) (width 0.12))
    (fp_line (start -0.602064 0.91) (end 0.602064 0.91) (layer F.SilkS) (width 0.12))
    (fp_line (start -2.28 1.12) (end -2.28 -1.12) (layer F.CrtYd) (width 0.05))
    (fp_line (start -2.28 -1.12) (end 2.28 -1.12) (layer F.CrtYd) (width 0.05))
    (fp_line (start 2.28 -1.12) (end 2.28 1.12) (layer F.CrtYd) (width 0.05))
    (fp_line (start 2.28 1.12) (end -2.28 1.12) (layer F.CrtYd) (width 0.05))
    (pad 2 smd roundrect (at 1.4 0 270) (size 1.25 1.75) (layers F.Cu F.Paste F.Mask) (roundrect_rratio 0.2)
      (net 1 GND))
    (pad 1 smd roundrect (at -1.4 0 270) (size 1.25 1.75) (layers F.Cu F.Paste F.Mask) (roundrect_rratio 0.2)
      (net 9 VCC))
    (model ${KISYS3DMOD}/Capacitor_SMD.3dshapes/C_1206_3216Metric.wrl
      (at (xyz 0 0 0))
      (scale (xyz 1 1 1))
      (rotate (xyz 0 0 0))
    )
  )

  (module Capacitor_SMD:C_1206_3216Metric (layer F.Cu) (tedit 5B301BBE) (tstamp 5FAB96EB)
    (at 154.94 115.7875 90)
    (descr "Capacitor SMD 1206 (3216 Metric), square (rectangular) end terminal, IPC_7351 nominal, (Body size source: http://www.tortai-tech.com/upload/download/2011102023233369053.pdf), generated with kicad-footprint-generator")
    (tags capacitor)
    (path /5F8C5C81/5F8EBF44)
    (attr smd)
    (fp_text reference C10 (at 0 -1.82 90) (layer F.SilkS)
      (effects (font (size 1 1) (thickness 0.15)))
    )
    (fp_text value 100n (at 0 1.82 90) (layer F.Fab)
      (effects (font (size 1 1) (thickness 0.15)))
    )
    (fp_text user %R (at 0 0 90) (layer F.Fab)
      (effects (font (size 0.8 0.8) (thickness 0.12)))
    )
    (fp_line (start -1.6 0.8) (end -1.6 -0.8) (layer F.Fab) (width 0.1))
    (fp_line (start -1.6 -0.8) (end 1.6 -0.8) (layer F.Fab) (width 0.1))
    (fp_line (start 1.6 -0.8) (end 1.6 0.8) (layer F.Fab) (width 0.1))
    (fp_line (start 1.6 0.8) (end -1.6 0.8) (layer F.Fab) (width 0.1))
    (fp_line (start -0.602064 -0.91) (end 0.602064 -0.91) (layer F.SilkS) (width 0.12))
    (fp_line (start -0.602064 0.91) (end 0.602064 0.91) (layer F.SilkS) (width 0.12))
    (fp_line (start -2.28 1.12) (end -2.28 -1.12) (layer F.CrtYd) (width 0.05))
    (fp_line (start -2.28 -1.12) (end 2.28 -1.12) (layer F.CrtYd) (width 0.05))
    (fp_line (start 2.28 -1.12) (end 2.28 1.12) (layer F.CrtYd) (width 0.05))
    (fp_line (start 2.28 1.12) (end -2.28 1.12) (layer F.CrtYd) (width 0.05))
    (pad 2 smd roundrect (at 1.4 0 90) (size 1.25 1.75) (layers F.Cu F.Paste F.Mask) (roundrect_rratio 0.2)
      (net 1 GND))
    (pad 1 smd roundrect (at -1.4 0 90) (size 1.25 1.75) (layers F.Cu F.Paste F.Mask) (roundrect_rratio 0.2)
      (net 9 VCC))
    (model ${KISYS3DMOD}/Capacitor_SMD.3dshapes/C_1206_3216Metric.wrl
      (at (xyz 0 0 0))
      (scale (xyz 1 1 1))
      (rotate (xyz 0 0 0))
    )
  )

  (module Package_DIP:DIP-8_W7.62mm_LongPads (layer F.Cu) (tedit 5A02E8C5) (tstamp 5FAB93CD)
    (at 129.527 70.915)
    (descr "8-lead though-hole mounted DIP package, row spacing 7.62 mm (300 mils), LongPads")
    (tags "THT DIP DIL PDIP 2.54mm 7.62mm 300mil LongPads")
    (path /5F8063B6/5FB33CEB)
    (fp_text reference U16 (at 3.81 -2.33) (layer F.SilkS)
      (effects (font (size 1 1) (thickness 0.15)))
    )
    (fp_text value MAX485E (at 3.81 9.95) (layer F.Fab)
      (effects (font (size 1 1) (thickness 0.15)))
    )
    (fp_line (start 9.1 -1.55) (end -1.45 -1.55) (layer F.CrtYd) (width 0.05))
    (fp_line (start 9.1 9.15) (end 9.1 -1.55) (layer F.CrtYd) (width 0.05))
    (fp_line (start -1.45 9.15) (end 9.1 9.15) (layer F.CrtYd) (width 0.05))
    (fp_line (start -1.45 -1.55) (end -1.45 9.15) (layer F.CrtYd) (width 0.05))
    (fp_line (start 6.06 -1.33) (end 4.81 -1.33) (layer F.SilkS) (width 0.12))
    (fp_line (start 6.06 8.95) (end 6.06 -1.33) (layer F.SilkS) (width 0.12))
    (fp_line (start 1.56 8.95) (end 6.06 8.95) (layer F.SilkS) (width 0.12))
    (fp_line (start 1.56 -1.33) (end 1.56 8.95) (layer F.SilkS) (width 0.12))
    (fp_line (start 2.81 -1.33) (end 1.56 -1.33) (layer F.SilkS) (width 0.12))
    (fp_line (start 0.635 -0.27) (end 1.635 -1.27) (layer F.Fab) (width 0.1))
    (fp_line (start 0.635 8.89) (end 0.635 -0.27) (layer F.Fab) (width 0.1))
    (fp_line (start 6.985 8.89) (end 0.635 8.89) (layer F.Fab) (width 0.1))
    (fp_line (start 6.985 -1.27) (end 6.985 8.89) (layer F.Fab) (width 0.1))
    (fp_line (start 1.635 -1.27) (end 6.985 -1.27) (layer F.Fab) (width 0.1))
    (fp_text user %R (at 3.81 3.81) (layer F.Fab)
      (effects (font (size 1 1) (thickness 0.15)))
    )
    (fp_arc (start 3.81 -1.33) (end 2.81 -1.33) (angle -180) (layer F.SilkS) (width 0.12))
    (pad 8 thru_hole oval (at 7.62 0) (size 2.4 1.6) (drill 0.8) (layers *.Cu *.Mask)
      (net 9 VCC))
    (pad 4 thru_hole oval (at 0 7.62) (size 2.4 1.6) (drill 0.8) (layers *.Cu *.Mask)
      (net 232 "Net-(U16-Pad4)"))
    (pad 7 thru_hole oval (at 7.62 2.54) (size 2.4 1.6) (drill 0.8) (layers *.Cu *.Mask)
      (net 233 "Net-(U16-Pad7)"))
    (pad 3 thru_hole oval (at 0 5.08) (size 2.4 1.6) (drill 0.8) (layers *.Cu *.Mask)
      (net 234 "Net-(U16-Pad3)"))
    (pad 6 thru_hole oval (at 7.62 5.08) (size 2.4 1.6) (drill 0.8) (layers *.Cu *.Mask)
      (net 235 "Net-(U16-Pad6)"))
    (pad 2 thru_hole oval (at 0 2.54) (size 2.4 1.6) (drill 0.8) (layers *.Cu *.Mask)
      (net 236 "Net-(U16-Pad2)"))
    (pad 5 thru_hole oval (at 7.62 7.62) (size 2.4 1.6) (drill 0.8) (layers *.Cu *.Mask)
      (net 1 GND))
    (pad 1 thru_hole rect (at 0 0) (size 2.4 1.6) (drill 0.8) (layers *.Cu *.Mask)
      (net 237 "Net-(U16-Pad1)"))
    (model ${KISYS3DMOD}/Package_DIP.3dshapes/DIP-8_W7.62mm.wrl
      (at (xyz 0 0 0))
      (scale (xyz 1 1 1))
      (rotate (xyz 0 0 0))
    )
  )

  (module Package_LCC:PLCC-44_THT-Socket (layer F.Cu) (tedit 5A02ECC8) (tstamp 5FABEE83)
    (at 81.28 123.19)
    (descr "PLCC, 44 pins, through hole")
    (tags "plcc leaded")
    (path /5F8063B6/5FACF9F3)
    (fp_text reference U1 (at -1.27 -6.4) (layer F.SilkS)
      (effects (font (size 1 1) (thickness 0.15)))
    )
    (fp_text value ST16C550CJ44 (at -1.27 19.1) (layer F.Fab)
      (effects (font (size 1 1) (thickness 0.15)))
    )
    (fp_line (start -12.02 -5.4) (end -13.02 -4.4) (layer F.Fab) (width 0.1))
    (fp_line (start -13.02 -4.4) (end -13.02 18.1) (layer F.Fab) (width 0.1))
    (fp_line (start -13.02 18.1) (end 10.48 18.1) (layer F.Fab) (width 0.1))
    (fp_line (start 10.48 18.1) (end 10.48 -5.4) (layer F.Fab) (width 0.1))
    (fp_line (start 10.48 -5.4) (end -12.02 -5.4) (layer F.Fab) (width 0.1))
    (fp_line (start -13.52 -5.9) (end -13.52 18.6) (layer F.CrtYd) (width 0.05))
    (fp_line (start -13.52 18.6) (end 10.98 18.6) (layer F.CrtYd) (width 0.05))
    (fp_line (start 10.98 18.6) (end 10.98 -5.9) (layer F.CrtYd) (width 0.05))
    (fp_line (start 10.98 -5.9) (end -13.52 -5.9) (layer F.CrtYd) (width 0.05))
    (fp_line (start -10.48 -2.86) (end -10.48 15.56) (layer F.Fab) (width 0.1))
    (fp_line (start -10.48 15.56) (end 7.94 15.56) (layer F.Fab) (width 0.1))
    (fp_line (start 7.94 15.56) (end 7.94 -2.86) (layer F.Fab) (width 0.1))
    (fp_line (start 7.94 -2.86) (end -10.48 -2.86) (layer F.Fab) (width 0.1))
    (fp_line (start -1.77 -5.4) (end -1.27 -4.4) (layer F.Fab) (width 0.1))
    (fp_line (start -1.27 -4.4) (end -0.77 -5.4) (layer F.Fab) (width 0.1))
    (fp_line (start -2.27 -5.5) (end -12.12 -5.5) (layer F.SilkS) (width 0.12))
    (fp_line (start -12.12 -5.5) (end -13.12 -4.5) (layer F.SilkS) (width 0.12))
    (fp_line (start -13.12 -4.5) (end -13.12 18.2) (layer F.SilkS) (width 0.12))
    (fp_line (start -13.12 18.2) (end 10.58 18.2) (layer F.SilkS) (width 0.12))
    (fp_line (start 10.58 18.2) (end 10.58 -5.5) (layer F.SilkS) (width 0.12))
    (fp_line (start 10.58 -5.5) (end -0.27 -5.5) (layer F.SilkS) (width 0.12))
    (fp_text user %R (at -1.27 6.35) (layer F.Fab)
      (effects (font (size 1 1) (thickness 0.15)))
    )
    (pad 39 thru_hole circle (at 7.62 0) (size 1.4224 1.4224) (drill 0.8) (layers *.Cu *.Mask)
      (net 29 RESET))
    (pad 37 thru_hole circle (at 7.62 2.54) (size 1.4224 1.4224) (drill 0.8) (layers *.Cu *.Mask)
      (net 223 "Net-(U1-Pad37)"))
    (pad 35 thru_hole circle (at 7.62 5.08) (size 1.4224 1.4224) (drill 0.8) (layers *.Cu *.Mask)
      (net 224 "Net-(U1-Pad35)"))
    (pad 33 thru_hole circle (at 7.62 7.62) (size 1.4224 1.4224) (drill 0.8) (layers *.Cu *.Mask)
      (net 33 IRQ4))
    (pad 31 thru_hole circle (at 7.62 10.16) (size 1.4224 1.4224) (drill 0.8) (layers *.Cu *.Mask)
      (net 35 A0))
    (pad 40 thru_hole circle (at 5.08 -2.54) (size 1.4224 1.4224) (drill 0.8) (layers *.Cu *.Mask)
      (net 225 "Net-(U1-Pad40)"))
    (pad 38 thru_hole circle (at 5.08 2.54) (size 1.4224 1.4224) (drill 0.8) (layers *.Cu *.Mask)
      (net 226 "Net-(U1-Pad38)"))
    (pad 36 thru_hole circle (at 5.08 5.08) (size 1.4224 1.4224) (drill 0.8) (layers *.Cu *.Mask)
      (net 28 "Net-(U1-Pad36)"))
    (pad 34 thru_hole circle (at 5.08 7.62) (size 1.4224 1.4224) (drill 0.8) (layers *.Cu *.Mask))
    (pad 32 thru_hole circle (at 5.08 10.16) (size 1.4224 1.4224) (drill 0.8) (layers *.Cu *.Mask)
      (net 31 "Net-(U1-Pad32)"))
    (pad 30 thru_hole circle (at 5.08 12.7) (size 1.4224 1.4224) (drill 0.8) (layers *.Cu *.Mask)
      (net 36 A1))
    (pad 28 thru_hole circle (at 5.08 15.24) (size 1.4224 1.4224) (drill 0.8) (layers *.Cu *.Mask)
      (net 1 GND))
    (pad 26 thru_hole circle (at 2.54 15.24) (size 1.4224 1.4224) (drill 0.8) (layers *.Cu *.Mask)
      (net 227 "Net-(U1-Pad26)"))
    (pad 24 thru_hole circle (at 0 15.24) (size 1.4224 1.4224) (drill 0.8) (layers *.Cu *.Mask)
      (net 1 GND))
    (pad 22 thru_hole circle (at -2.54 15.24) (size 1.4224 1.4224) (drill 0.8) (layers *.Cu *.Mask)
      (net 1 GND))
    (pad 20 thru_hole circle (at -5.08 15.24) (size 1.4224 1.4224) (drill 0.8) (layers *.Cu *.Mask)
      (net 27 ~WR))
    (pad 18 thru_hole circle (at -7.62 15.24) (size 1.4224 1.4224) (drill 0.8) (layers *.Cu *.Mask)
      (net 2 "Net-(C1-Pad1)"))
    (pad 29 thru_hole circle (at 7.62 12.7) (size 1.4224 1.4224) (drill 0.8) (layers *.Cu *.Mask)
      (net 37 A2))
    (pad 27 thru_hole circle (at 2.54 12.7) (size 1.4224 1.4224) (drill 0.8) (layers *.Cu *.Mask)
      (net 228 "Net-(U1-Pad27)"))
